txnExternalId,location,description,status,currency,amount,txnAmount,txnCurrency,timestamp,lastNumbers,cardHolderName,transactionDate,type,merchantCategoryName,mcc,walletName,authIndicator,cardAcceptorName,authCode,note,receiptIds,receiptMatchingStatus,fee,companyAccountingCode,companyAccountingCodeName,balance,credit,debit,userId,hasThreeDs,label,reviewStatus
"65e39f0d-9c8a-4d45-bb25-b8250aeba0de","ADP ROISSY P1         ROISSY CDG CEFR",,"PENDING","EUR","-24","-24","EUR","2025-04-29T19:04:32Z","1750","Marc Frappier",,"PURCHASE","Parking Lots, Garages","7523","Apple Pay","IN_STORE","ADP ROISSY P1","CBLNV1",,"[]","NULL",,,,"714.19",,"24",,,"General Expenses","NOT_STARTED"
"f104b0fc-a69d-4283-9706-0f9bdbfeedc3","SumUp  *Tochi Ndukwu -Dublin       IE",,"PENDING","EUR","-45","-45","EUR","2025-04-29T16:18:20Z","1750","Marc Frappier",,"PURCHASE","Taxicabs/Limousines","4121","Apple Pay","IN_STORE","SumUp  *Tochi Ndukwu -","CBLGOH",,"[]","NULL",,,,"738.19",,"45",,,"General Expenses","NOT_STARTED"
"a85f0bf6-36db-4712-a5c3-c9c5effc9d74","SumUp  *Taxi Robert LaCo Kildare   IE",,"PENDING","EUR","-41","-41","EUR","2025-04-29T10:54:43Z","1750","Marc Frappier",,"PURCHASE","Taxicabs/Limousines","4121","Apple Pay","IN_STORE","SumUp  *Taxi Robert La","CBLS7O",,"[]","NULL",,,,"783.19",,"41",,,"General Expenses","NOT_STARTED"
"f099c869-ccae-4cac-808b-0a1f9a16c953","AER LINGUS            DUBLIN       IE",,"APPROVED","EUR","-24","-24","EUR","2025-04-24T13:24:40Z","1750","Marc Frappier",,"PURCHASE","Airlines","3043",,"ONLINE","AER LINGUS","CBLQAO",,"[]","NULL",,,,"824.19",,"24",,,"General Expenses","NOT_STARTED"
"28d3d0d9-b9bc-4923-be16-e4b636cd853c","AER LINGUS            DUBLIN       IE",,"APPROVED","EUR","-324.25","-324.25","EUR","2025-04-23T19:09:02Z","1750","Marc Frappier",,"PURCHASE","Airlines","3043",,"ONLINE","AER LINGUS","CBLNQR",,"[]","NULL",,,,"848.19",,"324.25",,,"General Expenses","NOT_STARTED"
"cb171450-9f2d-430a-8231-beeaa5a97859",,"Funds added to card","APPROVED","EUR","1000",,,"2025-04-23T16:45:01Z","1750","Marc Frappier",,"ADJUSTMENT",,,,"OTHERS",,,,"[]","NULL",,,,,"1000",,,,"General Expenses","NOT_STARTED"
"3b4df907-824d-410e-aad5-9faa26896852","Retail in Motion LTD  Dublin City  IE",,"APPROVED","EUR","-3.15","-3.15","EUR","2025-01-31T19:24:47Z","1750","Marc Frappier",,"PURCHASE","Duty Free Stores","5309","Apple Pay","IN_STORE","Retail in Motion LTD","CBL9ZD",,"[]","NULL",,,,"172.44",,"3.15",,,"General Expenses","NOT_STARTED"
"01dd1d3c-851c-47e9-8426-98d0ad379889","ADP ROISSY P1         ROISSY CDG CEFR",,"APPROVED","EUR","-41.5","-41.5","EUR","2025-01-30T09:27:54Z","1750","Marc Frappier",,"PURCHASE","Parking Lots, Garages","7523","Apple Pay","IN_STORE","ADP ROISSY P1","CBL9DB",,"[]","NULL",,,,"175.59",,"41.5",,,"General Expenses","NOT_STARTED"
"a66071aa-1a5a-45b3-8ed3-1c8c6a8913a3","Dublin Airport SOMA   Dublin       IE",,"APPROVED","EUR","-3.9","-3.9","EUR","2025-01-30T06:17:48Z","1750","Marc Frappier",,"PURCHASE","Eating Places, Restaurants","5812","Apple Pay","IN_STORE","Dublin Airport SOMA","CBLWUO",,"[]","NULL",,,,"217.09",,"3.9",,,"General Expenses","NOT_STARTED"
"994d86f8-bd93-4966-beb6-ae975e505375","SumUp  *Quick Ride    BlanchardstowIE",,"APPROVED","EUR","-46.6","-46.6","EUR","2025-01-30T05:46:55Z","1750","Marc Frappier",,"PURCHASE","Taxicabs/Limousines","4121","Apple Pay","IN_STORE","SumUp  *Quick Ride","CBLRSD",,"[]","NULL",,,,"220.99",,"46.6",,,"General Expenses","NOT_STARTED"
"3e4b11fb-59e0-4d86-8ad0-5b8f0a9f2dfb","Retail in Motion LTD  Dublin City  IE",,"APPROVED","EUR","-3.15","-3.15","EUR","2025-01-29T19:38:49Z","1750","Marc Frappier",,"PURCHASE","Duty Free Stores","5309","Apple Pay","IN_STORE","Retail in Motion LTD","CBL0M3",,"[]","NULL",,,,"267.59",,"3.15",,,"General Expenses","NOT_STARTED"
"3c7251e2-9ce1-4a25-a2d2-a1a04d66d9e1","DARACH BRADY TAXI     DUBLIN       IE",,"APPROVED","EUR","-39.5","-39.5","EUR","2025-01-29T11:21:08Z","1750","Marc Frappier",,"PURCHASE","Taxicabs/Limousines","4121","Apple Pay","IN_STORE","DARACH BRADY TAXI","CBLUX1",,"[]","NULL",,,,"270.74",,"39.5",,,"General Expenses","NOT_STARTED"
"09b41e60-c99b-4c1e-b066-a4fc0c320c08","AER LINGUS            DUBLIN       IE",,"APPROVED","EUR","-362.47","-362.47","EUR","2025-01-15T15:06:09Z","1750","Marc Frappier",,"PURCHASE","Airlines","3043",,"ONLINE","AER LINGUS","CBLDVQ",,"[]","NULL",,,,"310.24",,"362.47",,,"General Expenses","NOT_STARTED"
"d440f70f-4f92-40ec-aa8c-508faa6cfb07","28391452 DUB STARBUCKSDUBLIN       IE",,"APPROVED","EUR","-9.8","-9.8","EUR","2024-10-09T05:05:15Z","1750","Marc Frappier",,"PURCHASE","Eating Places, Restaurants","5812","Apple Pay","IN_STORE","28391452 DUB STARBUCKS","CBLNSU",,"[]","NULL",,,,"672.71",,"9.8",,,"General Expenses","NOT_STARTED"
"7a559e18-1ae0-4c6b-aa58-ff1d9b445f1a","SumUp  *Lucian CiobanuLeixlip      IE",,"APPROVED","EUR","-41.6","-41.6","EUR","2024-10-09T04:44:34Z","1750","Marc Frappier",,"PURCHASE","Taxicabs/Limousines","4121","Apple Pay","IN_STORE","SumUp  *Lucian Ciobanu","CBL28R",,"[]","NULL",,,,"682.51",,"41.6",,,"General Expenses","NOT_STARTED"
"51833738-2b97-49d1-9724-32ab2833441b","SumUp  *CARD          Lucan        IE",,"APPROVED","EUR","-8.8","-8.8","EUR","2024-10-08T17:19:17Z","1750","Marc Frappier",,"PURCHASE","Taxicabs/Limousines","4121","Apple Pay","IN_STORE","SumUp  *CARD","CBL84F",,"[]","NULL",,,,"724.11",,"8.8",,,"General Expenses","NOT_STARTED"
"a96d3f0a-5131-4a78-8902-552c61bd01af","SumUp  *Fitzpatricks PDublin       IE",,"APPROVED","EUR","-29.09","-29.09","EUR","2024-10-08T11:13:32Z","1750","Marc Frappier",,"PURCHASE","Taxicabs/Limousines","4121","Apple Pay","IN_STORE","SumUp  *Fitzpatricks P","CBLG4A",,"[]","NULL",,,,"732.91",,"29.09",,,"General Expenses","NOT_STARTED"
"f7ec9493-f38d-4b13-98e8-15c1f5432c83","AER LINGUS            DUBLIN       IE",,"APPROVED","EUR","-89.67","-89.67","EUR","2024-09-26T19:29:26Z","1750","Marc Frappier",,"PURCHASE","Airlines","3043",,"ONLINE","AER LINGUS","CBLCIG",,"[]","NULL",,,,"762",,"89.67",,,"General Expenses","NOT_STARTED"
"e5373c4c-a7c6-413c-b390-97912a5ba334","ADP ROISSY P1         ROISSY CDG CEFR",,"APPROVED","EUR","-41.5","-41.5","EUR","2024-07-31T10:10:35Z","1750","Marc Frappier",,"PURCHASE","Parking Lots, Garages","7523","Apple Pay","IN_STORE","ADP ROISSY P1","CBLUYQ",,"[]","NULL",,,,"851.67",,"41.5",,,"General Expenses","NOT_STARTED"
"702e3039-eb05-4dc4-bdd8-0b3f6f9ebaf6","Servy*TheFallow       Dublin 1     IE",,"APPROVED","EUR","-22.83","-22.83","EUR","2024-07-31T05:53:07Z","1750","Marc Frappier",,"PURCHASE","Eating Places, Restaurants","5812","Apple Pay","ONLINE","Servy*TheFallow","CBLYEL",,"[]","NULL",,,,"893.17",,"22.83",,,"General Expenses","NOT_STARTED"
"614ea099-c3dd-45ba-a365-7ed47b1d1c1c","TAXI RECEIPT          DUNBOYNE     IE",,"APPROVED","EUR","-44","-44","EUR","2024-07-31T05:35:08Z","1750","Marc Frappier",,"PURCHASE","Taxicabs/Limousines","4121","Apple Pay","IN_STORE","TAXI RECEIPT","CBLBBF",,"[]","NULL",,,,"916",,"44",,,"General Expenses","NOT_STARTED"
"9b1863d9-7733-480d-94e4-bdf66ca5e501","SumUp  *Thomasbyrne   Dublin       IE",,"APPROVED","EUR","-40","-40","EUR","2024-07-30T10:43:36Z","1750","Marc Frappier",,"PURCHASE","Taxicabs/Limousines","4121","Apple Pay","IN_STORE","SumUp  *Thomasbyrne","CBL5RW",,"[]","NULL",,,,"960",,"40",,,"General Expenses","NOT_STARTED"
"8afdc66c-7981-42cf-8440-d9239ec0f2ba",,"Card Activated","APPROVED","EUR","1000",,,"2024-07-29T13:39:39Z","1750","Marc Frappier",,"CARD_ACTIVATION",,,,"OTHERS",,,,"[]","NULL",,,,,"1000",,,,"General Expenses","NOT_STARTED"