txnExternalId,location,description,status,currency,amount,txnAmount,txnCurrency,timestamp,lastNumbers,cardHolderName,transactionDate,type,merchantCategoryName,mcc,walletName,authIndicator,cardAcceptorName,authCode,note,receiptIds,receiptMatchingStatus,fee,companyAccountingCode,companyAccountingCodeName,balance,credit,debit,userId,hasThreeDs,label,reviewStatus
"b915b7d2-f7a7-4575-b3f4-c113fc2c2388","AMZN Mktp UK          AMAZON.CO.UK GB",,"APPROVED","EUR","-29.96","-29.96","EUR","2025-01-22T07:09:34Z","8755","Sergey Suslov",,"PURCHASE","Miscellaneous Specialty Retail","5999","Merchant Wallet","ONLINE","AMZN Mktp UK","CBLZAX",,"[]","NULL",,,,"47.19",,"29.96",,,"Sergey Suslov - Business Expenses","NOT_STARTED"
"8f4be5ca-3b0b-42ec-9425-7aa0e54c9443","AMZN Mktp UK          AMAZON.CO.UK GB",,"APPROVED","EUR","-28.63","-28.63","EUR","2025-01-10T10:21:32Z","8755","Sergey Suslov",,"PURCHASE","Miscellaneous Specialty Retail","5999",,"ONLINE","AMZN Mktp UK","CBLOJE",,"[""SergeySuslov-250207-100040.jpg""]","BLUE",,,,"77.15",,"28.63",,,"Sergey Suslov - Business Expenses","NOT_STARTED"
"aeb57212-1de1-4c09-abe4-6dacff258f44","SumUp  *taxi basharat Dublin       IE",,"APPROVED","EUR","-31","-31","EUR","2024-11-06T19:58:20Z","8755","Sergey Suslov",,"PURCHASE","Taxicabs/Limousines","4121","Google Pay","IN_STORE","SumUp  *taxi basharat","CBLKPC",,"[]","NULL",,,,"105.78",,"31",,,"Sergey Suslov - Business Expenses","NOT_STARTED"
"23c393a2-b4fc-4987-ad0b-03765f673726","MAAS - 213979 Horeca ESon          NL",,"APPROVED","EUR","-3.4","-3.4","EUR","2024-11-06T16:44:27Z","8755","Sergey Suslov",,"PURCHASE","Miscellaneous Food Stores - Convenience Stores and Specialty Markets","5499","Google Pay","IN_STORE","MAAS - 213979 Horeca E","CBLPLW",,"[]","NULL",,,,"136.78",,"3.4",,,"Sergey Suslov - Business Expenses","NOT_STARTED"
"549cb2ff-fc0c-4480-8d6e-4de4b3c2164a","HMS Host InternationalAmsterdam    NL",,"APPROVED","EUR","-4.6","-4.6","EUR","2024-11-06T16:41:52Z","8755","Sergey Suslov",,"PURCHASE","Fast Food Restaurants","5814","Google Pay","IN_STORE","HMS Host International","CBL0RC",,"[]","NULL",,,,"140.18",,"4.6",,,"Sergey Suslov - Business Expenses","NOT_STARTED"
"e80a2737-ee09-4fe9-8a2a-5285cadf0cde","Shop 55/ Dutch DiscoveAV Schiphol  NL",,"APPROVED","EUR","-20.3","-20.3","EUR","2024-11-06T15:47:10Z","8755","Sergey Suslov",,"PURCHASE","Family Clothing Stores","5651","Google Pay","IN_STORE","Shop 55/ Dutch Discove","CBLI6K",,"[]","NULL",,,,"144.78",,"20.3",,,"Sergey Suslov - Business Expenses","NOT_STARTED"
"5163fcb7-4aa3-416b-ba20-e450c3372756","McDonald's Lounge 3   SCHIPHOL     NL",,"APPROVED","EUR","-26.65","-26.65","EUR","2024-11-06T15:19:32Z","8755","Sergey Suslov",,"PURCHASE","Fast Food Restaurants","5814","Google Pay","IN_STORE","McDonald's Lounge 3","CBLIMT",,"[]","NULL",,,,"165.08",,"26.65",,,"Sergey Suslov - Business Expenses","NOT_STARTED"
"4ae2eda5-643d-468c-943e-bdef4d56d4d6","HILTON AMSTERDAM SCHIPSCHIPHOL     NL",,"APPROVED","EUR","-20","-20","EUR","2024-11-06T11:42:24Z","8755","Sergey Suslov",,"PURCHASE","Hotels/Motels/Inns/Resorts","3504","Google Pay","IN_STORE","HILTON AMSTERDAM SCHIP","CBLW0X",,"[]","NULL",,,,"191.73",,"20",,,"Sergey Suslov - Business Expenses","NOT_STARTED"
"86007f4b-eab7-4bf3-8f46-c5ea032dbee7","Wundermart B.V.       Amsterdam    NL",,"APPROVED","EUR","-4.19","-4.19","EUR","2024-11-06T06:23:19Z","8755","Sergey Suslov",,"PURCHASE","Grocery Stores, Supermarkets","5411","Google Pay","IN_STORE","Wundermart B.V.","CBLTQA",,"[]","NULL",,,,"211.73",,"4.19",,,"Sergey Suslov - Business Expenses","NOT_STARTED"
"e6719d73-6bd3-4d00-a916-b6336ec3f207","Wundermart B.V.       Amsterdam    NL",,"APPROVED","EUR","-10.58","-10.58","EUR","2024-11-06T00:16:57Z","8755","Sergey Suslov",,"PURCHASE","Grocery Stores, Supermarkets","5411","Google Pay","IN_STORE","Wundermart B.V.","CBLBAO",,"[]","NULL",,,,"215.92",,"10.58",,,"Sergey Suslov - Business Expenses","NOT_STARTED"
"f30d9de6-82b9-4b79-a272-2b1a97814af1","Wundermart B.V.       Amsterdam    NL",,"APPROVED","EUR","-15.87","-15.87","EUR","2024-11-05T22:40:57Z","8755","Sergey Suslov",,"PURCHASE","Grocery Stores, Supermarkets","5411","Google Pay","IN_STORE","Wundermart B.V.","CBLWD7",,"[]","NULL",,,,"226.5",,"15.87",,,"Sergey Suslov - Business Expenses","NOT_STARTED"
"1f907404-4ed4-4900-a457-a1548085c1eb","MO BETTER ENTERTAIMENTAMSTERDAM    NL",,"APPROVED","EUR","-29.2","-29.2","EUR","2024-11-05T21:24:11Z","8755","Sergey Suslov",,"PURCHASE","Eating Places, Restaurants","5812","Google Pay","IN_STORE","MO BETTER ENTERTAIMENT","CBLZ0F",,"[]","NULL",,,,"242.37",,"29.2",,,"Sergey Suslov - Business Expenses","NOT_STARTED"
"dd6b617a-523c-4fda-bb7e-8386c2913f90","UBER   *TRIP          Amsterdam    NL",,"APPROVED","EUR","-5","-5","EUR","2024-11-05T19:46:26Z","8755","Sergey Suslov",,"PURCHASE","Taxicabs/Limousines","4121","Google Pay","ONLINE","UBER   *TRIP","CBLZ03",,"[]","NULL",,,,"271.57",,"5",,,"Sergey Suslov - Business Expenses","NOT_STARTED"
"43bfa088-1bed-41ff-9706-fca4e616f7fd","UBR* PENDING.UBER.COM Amsterdam    NL",,"APPROVED","EUR","-13.77","-13.77","EUR","2024-11-05T19:05:06Z","8755","Sergey Suslov",,"PURCHASE","Taxicabs/Limousines","4121","Google Pay","ONLINE","UBR* PENDING.UBER.COM","CBL2CB",,"[]","NULL",,,,"276.57",,"13.77",,,"Sergey Suslov - Business Expenses","NOT_STARTED"
"b8b79f34-f492-43c0-8410-7795f3e5184f","UBR* PENDING.UBER.COM Amsterdam    NL","17 - Customer cancellation","APPROVED","EUR","18.48","18.48","EUR","2024-11-05T18:38:39Z","8755","Sergey Suslov",,"REVERSAL","Taxicabs/Limousines","4121","Google Pay","OTHERS","UBR* PENDING.UBER.COM","CBLXGK",,"[]","NULL",,,,"290.34","18.48",,,,"Sergey Suslov - Business Expenses","NOT_STARTED"
"c3751003-4b71-4899-8cc6-dc81ae045502","UBR* PENDING.UBER.COM Amsterdam    NL","17 - Customer cancellation","APPROVED","EUR","-10","-18.48","EUR","2024-11-05T18:38:39Z","8755","Sergey Suslov",,"REVERSAL","Taxicabs/Limousines","4121","Google Pay","OTHERS","UBR* PENDING.UBER.COM","CBLXGK",,"[]","NULL",,,,"290.34",,"10",,,"Sergey Suslov - Business Expenses","NOT_STARTED"
"1e97f495-8ac4-4eb7-95cc-2ffee5069364","UBR* PENDING.UBER.COM Amsterdam    NL",,"APPROVED","EUR","-18.48","-18.48","EUR","2024-11-05T18:26:55Z","8755","Sergey Suslov",,"PURCHASE","Taxicabs/Limousines","4121","Google Pay","ONLINE","UBR* PENDING.UBER.COM","CBLXGK",,"[]","NULL",,,,"281.86",,"18.48",,,"Sergey Suslov - Business Expenses","NOT_STARTED"
"c7468038-d1c1-4d80-b0d8-3c5eb1987c47","Wundermart B.V.       Amsterdam    NL",,"APPROVED","EUR","-5.29","-5.29","EUR","2024-11-05T17:44:40Z","8755","Sergey Suslov",,"PURCHASE","Grocery Stores, Supermarkets","5411","Google Pay","IN_STORE","Wundermart B.V.","CBLER3",,"[]","NULL",,,,"300.34",,"5.29",,,"Sergey Suslov - Business Expenses","NOT_STARTED"
"c171d693-029e-45ad-9254-2ad6103a13f3","Wundermart B.V.       Amsterdam    NL",,"APPROVED","EUR","-10.58","-10.58","EUR","2024-11-05T16:54:34Z","8755","Sergey Suslov",,"PURCHASE","Grocery Stores, Supermarkets","5411","Google Pay","IN_STORE","Wundermart B.V.","CBL3YO",,"[]","NULL",,,,"305.63",,"10.58",,,"Sergey Suslov - Business Expenses","NOT_STARTED"
"9dc803ca-a473-4aa4-9b41-06694fd0a50c","Retail in Motion LTD  Dublin City  IE",,"APPROVED","EUR","-11.8","-11.8","EUR","2024-11-05T13:13:16Z","8755","Sergey Suslov",,"PURCHASE","Duty Free Stores","5309","Google Pay","IN_STORE","Retail in Motion LTD","CBLHHQ",,"[]","NULL",,,,"316.21",,"11.8",,,"Sergey Suslov - Business Expenses","NOT_STARTED"
"2edd890e-7e1b-4bc1-b06b-09666c1512af","Wundermart B.V.       Amsterdam    NL",,"APPROVED","EUR","-7.68","-7.68","EUR","2024-11-05T09:39:32Z","8755","Sergey Suslov",,"PURCHASE","Grocery Stores, Supermarkets","5411","Google Pay","IN_STORE","Wundermart B.V.","CBLVXE",,"[]","NULL",,,,"328.01",,"7.68",,,"Sergey Suslov - Business Expenses","NOT_STARTED"
"2e2aa0e4-ebd3-4ff3-9a33-7a9ce1d01bf8",,"Funds added to card","APPROVED","EUR","250",,,"2024-11-05T09:16:43Z","8755","Sergey Suslov",,"ADJUSTMENT",,,,"OTHERS",,,,"[]","NULL",,,,,"250",,,,"Sergey Suslov - Business Expenses","NOT_STARTED"
"d14372b4-7f24-43cc-ad97-ed5d5360c5a3","Wundermart B.V.       Amsterdam    NL",,"APPROVED","EUR","-3.84","-3.84","EUR","2024-11-05T08:41:22Z","8755","Sergey Suslov",,"PURCHASE","Grocery Stores, Supermarkets","5411","Google Pay","IN_STORE","Wundermart B.V.","CBLISX",,"[]","NULL",,,,"85.69",,"3.84",,,"Sergey Suslov - Business Expenses","NOT_STARTED"
"ce09b6e3-e5c5-4d63-aeda-8a1420ba0ddc","HILTON AMSTERDAM SCHIPSCHIPHOL     NL",,"APPROVED","EUR","-5","-5","EUR","2024-11-05T08:18:13Z","8755","Sergey Suslov",,"PURCHASE","Hotels/Motels/Inns/Resorts","3504","Google Pay","IN_STORE","HILTON AMSTERDAM SCHIP","CBLGQQ",,"[]","NULL",,,,"89.53",,"5",,,"Sergey Suslov - Business Expenses","NOT_STARTED"
"5efce423-47da-4b01-9c10-61914fc6483b","Wundermart B.V.       Amsterdam    NL",,"APPROVED","EUR","-13.17","-13.17","EUR","2024-11-05T02:38:50Z","8755","Sergey Suslov",,"PURCHASE","Grocery Stores, Supermarkets","5411","Google Pay","IN_STORE","Wundermart B.V.","CBLAD0",,"[]","NULL",,,,"94.53",,"13.17",,,"Sergey Suslov - Business Expenses","NOT_STARTED"
"13fd51d8-7c2a-4100-94ac-f454fb8296cc","Ns Schiphol           Utrecht      NL",,"APPROVED","EUR","-4.3","-4.3","EUR","2024-11-04T20:33:05Z","8755","Sergey Suslov",,"PURCHASE","Passenger Railways","4112","Google Pay","IN_STORE","Ns Schiphol","CBLXAR",,"[]","NULL",,,,"107.7",,"4.3",,,"Sergey Suslov - Business Expenses","NOT_STARTED"
"35cee11c-b22e-42b6-8ef2-e3545d178501","SumUp  *Mohammad Umer Dublin       IE",,"APPROVED","EUR","-59","-59","EUR","2024-11-04T16:08:00Z","8755","Sergey Suslov",,"PURCHASE","Taxicabs/Limousines","4121","Google Pay","IN_STORE","SumUp  *Mohammad Umer","CBLBA2",,"[]","NULL",,,,"112",,"59",,,"Sergey Suslov - Business Expenses","NOT_STARTED"
"59cb5d02-0d17-47f7-87cd-2674a4c4bdac","FRN*HOLD.FREE-NOW.COM D02DV52      IE","17 - Customer cancellation","APPROVED","EUR","32.27","32.27","EUR","2024-11-04T15:00:08Z","8755","Sergey Suslov",,"REVERSAL","Taxicabs/Limousines","4121","Google Pay","OTHERS","FRN*HOLD.FREE-NOW.COM","CBLCO1",,"[]","NULL",,,,"171","32.27",,,,"Sergey Suslov - Business Expenses","NOT_STARTED"
"62eacde8-b923-4743-b272-207f58ddf6c3","FRN*HOLD.FREE-NOW.COM D02DV52      IE","17 - Customer cancellation","APPROVED","EUR","-29","-32.27","EUR","2024-11-04T15:00:08Z","8755","Sergey Suslov",,"REVERSAL","Taxicabs/Limousines","4121","Google Pay","OTHERS","FRN*HOLD.FREE-NOW.COM","CBLCO1",,"[]","NULL",,,,"171",,"29",,,"Sergey Suslov - Business Expenses","NOT_STARTED"
"fbd7005b-6193-4f65-b08c-584e09768f1d","FRN*HOLD.FREE-NOW.COM D02DV52      IE",,"APPROVED","EUR","-32.27","-32.27","EUR","2024-11-04T14:22:56Z","8755","Sergey Suslov",,"PURCHASE","Taxicabs/Limousines","4121","Google Pay","ONLINE","FRN*HOLD.FREE-NOW.COM","CBLCO1",,"[]","NULL",,,,"167.73",,"32.27",,,"Sergey Suslov - Business Expenses","NOT_STARTED"
"d295f00d-905b-4315-83bb-82cc9827295f",,"Card Activated","APPROVED","EUR","200",,,"2024-10-02T14:27:44Z","8755","Sergey Suslov",,"CARD_ACTIVATION",,,,"OTHERS",,,,"[]","NULL",,,,,"200",,,,"Sergey Suslov - Business Expenses","NOT_STARTED"